313.42141863699584 0.0
350.278164116829 0.0
207.02364394993046 0.0
374.6175243393602 1.2427184466019412
387.8303198887343 6.213592233009713
396.1752433936022 11.184466019417478
404.5201668984701 15.922330097087382
409.3880389429764 18.718446601941746
414.9513212795549 21.436893203883496
426.77329624478443 24.543689320388346
437.20445062586924 24.932038834951456
443.4631432545201 24.388349514563107
459.45757997218357 21.74757281553398
471.279554937413 18.951456310679614
481.7107093184979 16.466019417475728
493.53268428372735 13.66990291262136
504.65924895688454 11.184466019417478
519.9582753824757 8.543689320388346
540.8205841446453 5.1262135922330145
576.2865090403338 1.6310679611650514
617.3157162726009 0.46601941747573505
628.4422809457581 0.3106796116504924